 2: 0xa7235ad1532c178603B457E9671e32eD61ed8372   2,609,205,228.185 090 881 725 000 000    0x086e48b2d7caf4674c91e940
 3: 0x6699E078e90d646E02C2a2976a738C34dC7bF0Bf   2,609,205,228.185 090 881 725 000 000    0x086e48b2d7caf4674c91e940
 4: 0x780B144e034341a970c2e4F93f2f6Cd82E8DFadc     478,125,000.000 000 000 000 000 000    0x018b7ee82f9c7d5052200000
 5: 0xd197F63CEefDaFaAF771a722c0A9cce771912b41     937,500,000.000 000 000 000 000 000    0x03077b58d5d3783919800000
 6: 0x10fc0865d11eebc61eA23511183305EE18b77939     937,500,000.000 000 000 000 000 000    0x03077b58d5d3783919800000
 7: 0xdde49343a309941ca44ea257bA3c897B47B6b1D4     937,500,000.000 000 000 000 000 000    0x03077b58d5d3783919800000
 8: 0x8078637A052E39A2Fc8833878D70Ae41f7310290     937,500,000.000 000 000 000 000 000    0x03077b58d5d3783919800000
 9: 0xC6Da0f9C2c2542cC8860f60d6b160ce6573C5F60     375,000,000.000 000 000 000 000 000    0x01363156bbee3016d7000000
10: 0xb2718a5EB8C68399326eD4c358A26cB1DDAE27e1     375,000,000.000 000 000 000 000 000    0x01363156bbee3016d7000000
11: 0x4190123e3bf34276d601B877dC4CeFaB3bbE667f      45,000,000.000 000 000 000 000 000      0x25391ee35a05c54d000000
12: 0x706db31fdbd1D13B2678826c5d30C20a0B5AE097      45,000,000.000 000 000 000 000 000      0x25391ee35a05c54d000000
13: 0xaE4644F8E49B031b8170Ec6C9bB0C24501A69C2f      45,000,000.000 000 000 000 000 000      0x25391ee35a05c54d000000
14: 0xd5E575E2B1F61Fd5e9F8D828feb8F53C554Eb998       7,500,000.000 000 000 000 000 000      0x06342fd08f00f637800000
15: 0xf763dd0bB23e580097f69D17e2a60b04EB605147      37,500,000.000 000 000 000 000 000      0x1f04ef12cb04cf15800000
16: 0x009A4624646501fe3cdE44B8CD1A435D81aA9186      37,500,000.000 000 000 000 000 000      0x1f04ef12cb04cf15800000
17: 0xE5D4F5a40097128b826bE833c7c02F47a8D99a55       7,500,000.000 000 000 000 000 000      0x06342fd08f00f637800000
18: 0xE8c27Ec6A03612e21c42f5616891b6FFC416b1D2      37,500,000.000 000 000 000 000 000      0x1f04ef12cb04cf15800000
19: 0xc5DAE0d309EFa1C5D5C90bBa773Dc9e9176fE956      37,500,000.000 000 000 000 000 000      0x1f04ef12cb04cf15800000
20: 0x040dd8bD2F7e1ad893eAa4d0837fE210373fF190      65,000,000.000 000 000 000 000 000      0x35c4490f820855e1000000
21: 0x399Ff6428D4e616BE8ce21Ee5beC9d344185e8D9      40,000,000.000 000 000 000 000 000      0x2116545850052128000000
22: 0x489506707A68bEdAd0B62c57e3226506b54a9364      40,000,000.000 000 000 000 000 000      0x2116545850052128000000
23: 0x4AC175dcf8355A5Ed545a7178715c542cF43B9bB      40,000,000.000 000 000 000 000 000      0x2116545850052128000000
24: 0x544DF305ef3ef012108D770B259720E7Ef6360Bd      40,000,000.000 000 000 000 000 000      0x2116545850052128000000
27: 0x42a7bD36593c75c981C7201d2E7974133782f0e0   4,278,464,243.629 818 236 550 000 000    0x0dd3100b646a7e85428c2d80
28: 0x493044fbBAA7F9F78379864fA88aCcaFf6A7586e             300.000 000 000 000 000 000          0x1043561a8829300000
--------------------------------------------------------------------------------------------------------------------
TARGET TOTAL SUPPLY: 15,000,000,000.000 000 000 000 000 000
ACTUAL TOTAL SUPPLY: 15,000,000,000.000 000 000 000 000 000
